MONA DFA
number of variables: 0
variables:
orders:
states: 16
initial: 0
bdd nodes: 437
final: -1 -1 -1 -1 -1 -1 -1 -1 -1 1 1 1 1 1 1 1
behaviour: 0 4 36 79 99 104 136 153 185 221 257 293 329 365 401 136
bdd:
 0 30 1
 1 29 2
 3 16 3
 4 5 4
 -1 1 0
 6 4 6
 7 7 4
 8 8 4
 9 9 4
 10 10 4
 11 11 4
 12 12 4
 13 13 4
 14 14 4
 15 15 4
 -1 2 0
 4 5 17
 5 5 18
 6 19 6
 7 20 4
 8 21 4
 9 22 4
 10 23 4
 11 24 4
 12 25 4
 13 26 4
 14 27 4
 15 28 4
 -1 0 0
 2 16 2
 1 33 31
 2 32 2
 3 16 5
 2 34 2
 3 35 16
 4 4 17
 0 61 37
 1 56 38
 2 55 39
 3 53 40
 4 5 41
 5 42 4
 6 4 43
 7 44 4
 8 45 4
 9 46 4
 10 47 4
 11 48 4
 12 49 4
 13 50 4
 14 51 4
 15 52 4
 -1 4 0
 4 5 54
 5 5 6
 3 53 3
 2 53 57
 3 53 58
 4 59 4
 5 5 60
 6 43 6
 1 64 62
 2 63 57
 3 53 5
 2 65 55
 3 66 53
 4 67 54
 5 68 4
 6 4 69
 7 70 4
 8 71 4
 9 72 4
 10 73 4
 11 74 4
 12 75 4
 13 76 4
 14 77 4
 15 78 4
 -1 3 0
 0 95 80
 1 94 81
 3 83 82
 4 83 4
 6 4 84
 7 85 4
 8 86 4
 9 87 4
 10 88 4
 11 89 4
 12 90 4
 13 91 4
 14 92 4
 15 93 4
 -1 5 0
 2 83 81
 1 96 94
 2 97 81
 3 98 83
 4 4 83
 0 100 37
 1 101 62
 2 102 55
 3 103 53
 4 4 54
 0 130 105
 1 125 106
 2 123 107
 3 121 108
 4 110 109
 5 83 4
 6 4 111
 7 112 4
 8 113 4
 9 114 4
 10 115 4
 11 116 4
 12 117 4
 13 118 4
 14 119 4
 15 120 4
 -1 6 0
 4 110 122
 5 110 111
 3 121 124
 4 110 4
 2 121 126
 3 121 127
 4 128 4
 5 110 129
 6 84 111
 1 133 131
 2 132 126
 3 121 110
 2 134 123
 3 135 121
 4 4 122
 0 137 105
 1 133 138
 2 132 139
 3 121 140
 4 141 4
 5 110 142
 6 143 111
 7 144 4
 8 145 4
 9 146 4
 10 147 4
 11 148 4
 12 149 4
 13 150 4
 14 151 4
 15 152 4
 -1 7 0
 0 179 154
 1 174 155
 2 172 156
 3 169 157
 4 158 109
 6 4 159
 7 160 4
 8 161 4
 9 162 4
 10 163 4
 11 164 4
 12 165 4
 13 166 4
 14 167 4
 15 168 4
 -1 8 0
 4 158 170
 5 158 171
 6 111 159
 3 169 173
 4 158 4
 2 169 175
 3 169 176
 4 177 4
 5 158 178
 6 84 159
 1 182 180
 2 181 175
 3 169 158
 2 183 172
 3 184 169
 4 4 170
 0 211 186
 1 206 187
 2 204 188
 3 201 189
 4 190 109
 6 4 191
 7 192 4
 8 193 4
 9 194 4
 10 195 4
 11 196 4
 12 197 4
 13 198 4
 14 199 4
 15 200 4
 -1 9 0
 4 190 202
 5 190 203
 6 111 191
 3 201 205
 4 190 4
 2 201 207
 3 201 208
 4 209 4
 5 190 210
 6 84 191
 1 218 212
 2 217 213
 3 201 214
 4 215 4
 5 190 216
 6 143 191
 3 201 190
 2 219 204
 3 220 201
 4 4 202
 0 247 222
 1 242 223
 2 240 224
 3 237 225
 4 226 109
 6 4 227
 7 228 4
 8 229 4
 9 230 4
 10 231 4
 11 232 4
 12 233 4
 13 234 4
 14 235 4
 15 236 4
 -1 10 0
 4 226 238
 5 226 239
 6 111 227
 3 237 241
 4 226 4
 2 237 243
 3 237 244
 4 245 4
 5 226 246
 6 84 227
 1 254 248
 2 253 249
 3 237 250
 4 251 4
 5 226 252
 6 143 227
 3 237 226
 2 255 240
 3 256 237
 4 4 238
 0 283 258
 1 278 259
 2 276 260
 3 273 261
 4 262 109
 6 4 263
 7 264 4
 8 265 4
 9 266 4
 10 267 4
 11 268 4
 12 269 4
 13 270 4
 14 271 4
 15 272 4
 -1 11 0
 4 262 274
 5 262 275
 6 111 263
 3 273 277
 4 262 4
 2 273 279
 3 273 280
 4 281 4
 5 262 282
 6 84 263
 1 290 284
 2 289 285
 3 273 286
 4 287 4
 5 262 288
 6 143 263
 3 273 262
 2 291 276
 3 292 273
 4 4 274
 0 319 294
 1 314 295
 2 312 296
 3 309 297
 4 298 109
 6 4 299
 7 300 4
 8 301 4
 9 302 4
 10 303 4
 11 304 4
 12 305 4
 13 306 4
 14 307 4
 15 308 4
 -1 12 0
 4 298 310
 5 298 311
 6 111 299
 3 309 313
 4 298 4
 2 309 315
 3 309 316
 4 317 4
 5 298 318
 6 84 299
 1 326 320
 2 325 321
 3 309 322
 4 323 4
 5 298 324
 6 143 299
 3 309 298
 2 327 312
 3 328 309
 4 4 310
 0 355 330
 1 350 331
 2 348 332
 3 345 333
 4 334 109
 6 4 335
 7 336 4
 8 337 4
 9 338 4
 10 339 4
 11 340 4
 12 341 4
 13 342 4
 14 343 4
 15 344 4
 -1 13 0
 4 334 346
 5 334 347
 6 111 335
 3 345 349
 4 334 4
 2 345 351
 3 345 352
 4 353 4
 5 334 354
 6 84 335
 1 362 356
 2 361 357
 3 345 358
 4 359 4
 5 334 360
 6 143 335
 3 345 334
 2 363 348
 3 364 345
 4 4 346
 0 391 366
 1 386 367
 2 384 368
 3 381 369
 4 370 109
 6 4 371
 7 372 4
 8 373 4
 9 374 4
 10 375 4
 11 376 4
 12 377 4
 13 378 4
 14 379 4
 15 380 4
 -1 14 0
 4 370 382
 5 370 383
 6 111 371
 3 381 385
 4 370 4
 2 381 387
 3 381 388
 4 389 4
 5 370 390
 6 84 371
 1 398 392
 2 397 393
 3 381 394
 4 395 4
 5 370 396
 6 143 371
 3 381 370
 2 399 384
 3 400 381
 4 4 382
 0 427 402
 1 422 403
 2 420 404
 3 417 405
 4 406 109
 6 4 407
 7 408 4
 8 409 4
 9 410 4
 10 411 4
 11 412 4
 12 413 4
 13 414 4
 14 415 4
 15 416 4
 -1 15 0
 4 406 418
 5 406 419
 6 111 407
 3 417 421
 4 406 4
 2 417 423
 3 417 424
 4 425 4
 5 406 426
 6 84 407
 1 434 428
 2 433 429
 3 417 430
 4 431 4
 5 406 432
 6 143 407
 3 417 406
 2 435 420
 3 436 417
 4 4 418
end
